0 0.29140 0.19583 0.04375 0.03194 
0 0.25468 0.19513 0.03906 0.04861 
0 0.7 0.10555 0.04218 0.04166 
0 0.71015 0.20902 0.03906 0.02638 
0 0.56562 0.14479 0.14218 0.04861 
0 0.34726 0.18055 0.04140 0.05 
0 0.55332 0.16979 0.11640 0.03888 
0 0.57753 0.19131 0.16406 0.05277 
0 0.38652 0.18125 0.04453 0.03611 
0 0.325 0.25208 0.18046 0.05416 
0 0.27187 0.22326 0.08125 0.0375 
0 0.36992 0.20972 0.08359 0.0375 
0 0.49726 0.37083 0.03203 0.04861 
0 0.56035 0.36215 0.03359 0.04861 
0 0.58671 0.34861 0.01875 0.02916 