0 0.69726 0.14166 0.02734 0.02777 
0 0.59960 0.14166 0.03046 0.01944 
0 0.10058 0.56875 0.03671 0.04305 
0 0.14707 0.56631 0.0375 0.03888 
0 0.56718 0.07881 0.03281 0.02083 
0 0.12441 0.65347 0.075 0.03194 
0 0.67382 0.02152 0.04921 0.01805 
0 0.52109 0.64097 0.04062 0.02083 
0 0.67578 0.05486 0.04062 0.02083 
0 0.63242 0.07291 0.03359 0.01805 
0 0.66484 0.13958 0.03281 0.01527 
0 0.73164 0.14097 0.02421 0.02638 
0 0.77382 0.06458 0.03515 0.01805 
0 0.79414 0.13125 0.02265 0.01527 
0 0.83632 0.0625 0.04296 0.01944 
0 0.86210 0.12777 0.05390 0.01944 
0 0.90078 0.06111 0.03906 0.02222 
0 0.925 0.12569 0.025 0.01805 
0 0.96796 0.05277 0.03125 0.03055 
0 0.99335 0.05138 0.01171 0.025 